P -0.51 -0.31
A 0.600496 10 0.933447 3.96344 85.3803 0 3540.49

Initial statistics: 2 variables; iteration 0; function evaluation 0; phase 1
Function value  3.5404907e+003; maximum gradient component mag  1.7638e+005
P -0.51 -0.310008
A 0.600496 10 0.933441 3.96342 85.3802 0 3540.47
P -0.51 -0.310087
A 0.600496 10 0.933383 3.96328 85.3792 0 3540.27
P -0.51 -0.310878
A 0.600496 10 0.932803 3.96186 85.3693 0 3538.27
P -0.509997 -0.318789
A 0.600497 10 0.927029 3.94756 85.2705 0 3518.2
P -0.509971 -0.397827
A 0.600513 10 0.871779 3.79729 84.2319 0 3310.93
P -0.509709 -1.18112
A 0.600671 10 0.506935 1.17613 66.1136 0 769.019
P -0.507085 -8.25744
A 0.602248 10 0.200259 -1.38672e-012 1.75633e-011 3.22028e+007 3.22028e+009
P -0.508052 -5.8171
A 0.601667 10 0.202976 -7.89736e-011 9.96045e-010 10012.9 1.00297e+006
P -0.508694 -4.08678
A 0.601281 10 0.216793 -1.46446e-009 1.75225e-008 32.3648 4917.48
P -0.509225 -2.59034
A 0.600961 10 0.274994 -5.27756e-008 3.23778e-007 0.0955501 1690.55
P -0.509594 -1.51917
A 0.600739 10 0.418893 -1.10586 50.3385 0 209.502
P 4.21672 3.60794
A 67.8104 10 37.09 1.16904 19.2448 2.8314e-014 609.956
P 1.15318 0.227912
A 3.16825 10 1.45597 1.97534 46.4904 0 420.341
P -0.0726775 -1.0663
A 0.929901 10 0.544282 1.20037 57.5662 0 418.529
P -0.404333 -1.41047
A 0.667422 10 0.444028 -0.256847 53.512 0 163.146
P -0.270555 -1.41941
A 0.762956 10 0.441856 -0.283054 49.8385 0 86.1305
P 0.0453468 -1.41551
A 1.04639 10 0.442801 -0.106041 43.2241 0 6.07115
P 0.14301 -1.41187
A 1.15374 10 0.443687 -0.0306058 41.5108 0 0.354613
P 0.172384 -1.41039
A 1.18813 10 0.444048 -0.00640193 41.0288 0 0.00492918
P 0.175504 -1.40999
A 1.19185 10 0.444145 -0.00298622 40.9864 0 0.00107754
P 0.176013 -1.40974
A 1.19245 10 0.444206 -0.00177235 40.9858 0 0.00051553
P 0.176321 -1.4093
A 1.19282 10 0.444314 -2.80296e-005 40.9953 0 2.22086e-005
P 0.176189 -1.40926
A 1.19266 10 0.444325 4.38886e-005 40.9992 0 8.4404e-007

Intermediate statistics: 2 variables; iteration 10; function evaluation 23; phase 1
Function value  8.4943048e-007; maximum gradient component mag -1.6498e+000
P 0.17614 -1.40926
A 1.19261 10 0.444324 5.28624e-006 41 0 2.88588e-009
P 0.176138 -1.40926
A 1.1926 10 0.444324 2.3567e-007 41 0 6.85825e-012
P 0.176138 -1.40926
A 1.1926 10 0.444324 7.52433e-010 41 0 1.32028e-015
P 0.176138 -1.40926
A 1.1926 10 0.444324 -1.73472e-011 41 0 1.72624e-019

 - final statistics:
2 variables; iteration 14; function evaluation 27
Function value  5.3905e-009; maximum gradient component mag  8.9916e-007
Exit code = 1;  converg criter  1.0000e-004
P 0.176138 -1.40926
A 1.1926 10 0.444324 -1.73472e-011 41 0 1.72624e-019
P 0.176138 -1.40926
A 1.1926 10 0.444324 -1.73334e-011 41 0 1.72742e-019
Estimating row 1 out of 2 for hessian
P 0.176148 -1.40926
A 1.19261 10 0.444324 6.41799e-006 40.9998 0 3.63923e-008
P 0.176128 -1.40926
A 1.19259 10 0.444324 -6.41799e-006 41.0002 0 3.6393e-008
P 0.176139 -1.40926
A 1.1926 10 0.444324 6.41782e-007 41 0 3.63911e-010
P 0.176137 -1.40926
A 1.1926 10 0.444324 -6.41816e-007 41 0 3.63943e-010
Estimating row 2 out of 2 for hessian
P 0.176138 -1.40858
A 1.1926 10 0.444491 0.00239424 41.0232 0 0.0011132
P 0.176138 -1.40994
A 1.1926 10 0.444158 -0.00239554 40.9768 0 0.0011144
P 0.176138 -1.40919
A 1.1926 10 0.444341 0.000239482 41.0023 0 1.11374e-005
P 0.176138 -1.40933
A 1.1926 10 0.444307 -0.000239495 40.9977 0 1.11386e-005
P 0.176138 -1.40926
A 1.1926 10 0.444324 -1.72917e-011 41 0 1.72791e-019
