P -0.51 -0.31
A 0.600496 10 0.933447 4.2603 87.5612 0 3626.47

Initial statistics: 2 variables; iteration 0; function evaluation 0; phase 1
Function value  3.6264699e+003; maximum gradient component mag  1.5476e+005
P -0.51 -0.310009
A 0.600496 10 0.93344 4.26029 87.5611 0 3626.45
P -0.51 -0.310099
A 0.600496 10 0.933374 4.26015 87.5601 0 3626.25
P -0.51 -0.311001
A 0.600496 10 0.932713 4.25875 87.5506 0 3624.25
P -0.509996 -0.320015
A 0.600498 10 0.926138 4.24472 87.4547 0 3604.16
P -0.509963 -0.410069
A 0.600518 10 0.863605 4.09619 86.4397 0 3395.12
P -0.509634 -1.3014
A 0.600716 10 0.472151 1.26413 67.0845 0 647.528
P -0.506337 -9.22299
A 0.602699 10 0.200099 -3.54502e-013 4.64375e-012 5.11078e+008 5.11078e+010
P -0.507541 -6.54964
A 0.601974 10 0.201431 -2.9611e-011 3.86906e-010 73624.6 7.36448e+006
P -0.508337 -4.63886
A 0.601495 10 0.209669 -7.18289e-010 9.13103e-009 132.217 15246.7
P -0.508904 -3.2133
A 0.601154 10 0.240223 -1.13554e-008 1.10525e-007 0.904729 2115.47
P -0.509465 -1.75201
A 0.600817 10 0.373426 -2.11004 44.022 0 446.181
P -0.509528 -1.58292
A 0.600779 10 0.405374 -0.5879 54.4261 0 123.414
P 18.962 36.6298
A 1.71829e+008 10 8.09337e+015 0.000105674 0.00302314 2.99192e-010 2024.73
P 3.69756 5.50951
A 40.3485 10 247.23 1.4299 25.0824 0 601.173
P 0.468532 -0.0153372
A 1.59765 10 1.18478 2.70471 63.6788 0 1080.44
P -0.463605 -1.51048
A 0.629012 10 0.420803 -0.0551176 56.9362 0 142.778
P -0.500096 -1.56805
A 0.606472 10 0.408451 -0.470399 54.9818 0 121.764
P -0.493414 -1.56749
A 0.610539 10 0.408567 -0.465731 54.8386 0 118.489
P -0.42659 -1.56191
A 0.652731 10 0.409735 -0.417271 53.4235 0 88.3677
P -0.264293 -1.54613
A 0.767748 10 0.413071 -0.276055 50.2263 0 34.9344
P -0.0151839 -1.52139
A 0.984931 10 0.418408 -0.0513861 45.7115 0 0.770337
P 0.0242218 -1.51676
A 1.02452 10 0.419423 -0.0133564 45.068 0 0.0224621
P 0.031046 -1.51546
A 1.03153 10 0.419706 -0.00478928 44.9761 0 0.00286697
P 0.0318405 -1.51498
A 1.03235 10 0.419813 -0.00239639 44.978 0 0.00105761
P 0.0320342 -1.51442
A 1.03255 10 0.419936 2.72234e-005 44.9951 0 2.36838e-005
P 0.0318686 -1.51439
A 1.03238 10 0.419941 4.35641e-005 44.9994 0 5.63942e-007

Intermediate statistics: 2 variables; iteration 10; function evaluation 26; phase 1
Function value  5.6937079e-007; maximum gradient component mag -6.6565e-001
P 0.0318292 -1.5144
A 1.03234 10 0.41994 3.20258e-006 45 0 1.02691e-009
P 0.031828 -1.5144
A 1.03234 10 0.41994 9.99432e-008 45 0 1.43646e-012
P 0.0318279 -1.5144
A 1.03234 10 0.41994 6.76646e-011 45 0 1.3918e-016

 - final statistics:
2 variables; iteration 13; function evaluation 29
Function value  5.4291e-009; maximum gradient component mag  6.4099e-005
Exit code = 1;  converg criter  1.0000e-004
P 0.0318279 -1.5144
A 1.03234 10 0.41994 6.76646e-011 45 0 1.3918e-016
P 0.0318279 -1.5144
A 1.03234 10 0.41994 6.77028e-011 45 0 1.39186e-016
Estimating row 1 out of 2 for hessian
P 0.0318379 -1.5144
A 1.03235 10 0.41994 4.58776e-006 44.9998 0 4.45692e-008
P 0.0318179 -1.5144
A 1.03233 10 0.41994 -4.58755e-006 45.0002 0 4.45792e-008
P 0.0318289 -1.5144
A 1.03234 10 0.41994 4.58834e-007 45 0 4.45263e-010
P 0.0318269 -1.5144
A 1.03234 10 0.41994 -4.58698e-007 45 0 4.46222e-010
Estimating row 2 out of 2 for hessian
P 0.0318279 -1.51372
A 1.03234 10 0.42009 0.00282914 45.0256 0 0.00145517
P 0.0318279 -1.51508
A 1.03234 10 0.41979 -0.00283085 44.9744 0 0.00145693
P 0.0318279 -1.51433
A 1.03234 10 0.419955 0.000282991 45.0026 0 1.45597e-005
P 0.0318279 -1.51447
A 1.03234 10 0.419925 -0.000283008 44.9974 0 1.45613e-005
P 0.0318279 -1.5144
A 1.03234 10 0.41994 6.77063e-011 45 0 1.3919e-016
